[input]

run-type=full
pesummary=0
output=GW150914_PROD1_Kerr_221_0M
download-data=1
datalen-download=4096.0
trigtime=1126259462.4232266
detectors=H1,L1
noise-chunksize=4.0
signal-chunksize=4.0
kerr-modes = [(2,2,2,0), (2,2,2,1)] 
sky-frame=equatorial
run-tag=PROD1
reference-amplitude=1E-21

[Sampler settings]

nlive=2048
poolsize=100
maxmcmc=2048
nthreads=1
verbose=2
seed=1234

[Priors]

gr-time-prior=1
mf-time-prior=67.92493161247017
fix-t=0.0
fix-ra=1.1578762186634035
fix-dec=-1.191080211569962
fix-phi=0.0
Mf-min=50
Mf-max=100
af-min=0.2
af-max=0.96
A_2220-min=0.0
A_2220-max=13.0
A_2221-min=0.0
A_2221-max=30.0

[Injection]

[Plot]

imr-samples=data/Real_data/GW150914/GW150914_LAL_IMRPhenomP_O1_GWOSC_Mf_af_samples.txt
